SetDesc: HERAPDF
Authors: ...
Reference: ...
Format: lhagrid1
DataVersion: 1
NumMembers: 1
Flavors: [-6, -5, -4, -3, -2, -1, 1, 2, 3, 4, 5, 6, 21]
OrderQCD: 1
FlavorScheme: fixed
ErrorType: hessian
XMin: 9.9e-07
XMax: 1
QMin: 1
QMax: 14317.8
MZ: 91.1876
MUp: 0
MDown: 0
MStrange: 0
MCharm: 1.43
MBottom: 4.5
MTop: 173
AlphaS_MZ: 0.118
AlphaS_OrderQCD: 1
AlphaS_Type: ipol
AlphaS_Qs: [1, 1.11291, 1.23856, 1.3784, 1.40397, 1.43,1.43, 1.50308, 1.5799, 1.66064, 1.74551, 1.83472, 1.92849, 2.02705, 2.13064, 2.23953, 2.35399, 2.47429, 2.60074, 2.73366, 2.87337, 3.02022, 3.17457, 3.33681, 3.50735, 3.68659, 3.875, 4.07304, 4.2812, 4.5,4.5, 4.86092, 5.25078, 5.67191, 6.12682, 6.61822, 7.14903, 7.72241, 8.34177, 9.01081, 9.73352, 10.5142, 11.3575, 12.2684, 13.2523, 14.3152, 15.4634, 16.7036, 18.0433, 19.4904, 21.0536, 22.7422, 24.5662, 26.5365, 28.6649, 30.9639, 33.4473, 36.1299, 39.0277, 42.1579, 45.5391, 49.1915, 53.1368, 57.3986, 62.0022, 66.975, 72.3467, 78.1492, 84.417, 91.1876, 99.9231, 109.495, 119.985, 131.479, 144.074, 157.876, 173,173, 190.838, 210.515, 232.221, 256.165, 282.578, 311.714, 343.855, 379.31, 418.42, 461.563, 509.154, 561.652, 619.564, 683.447, 753.916, 831.652, 917.403, 1012, 1116.34, 1231.45, 1358.42, 1498.48, 1652.99, 1823.43, 2011.44, 2218.84, 2447.62, 2700, 2978.39, 3285.49, 3624.25, 3997.95, 4410.17, 4864.9, 5366.51, 5919.85, 6530.24, 7203.57, 7946.32, 8765.66, 9669.48, 10666.5, 11766.3, 12979.5, 14317.8]
AlphaS_Vals: [0.966202, 0.793197, 0.677496, 0.593991, 0.581895, 0.570351,0.570321, 0.541407, 0.515555, 0.492293, 0.471233, 0.452064, 0.434531, 0.418424, 0.40357, 0.389821, 0.377053, 0.365161, 0.354054, 0.343654, 0.333893, 0.324711, 0.316056, 0.307883, 0.300151, 0.292823, 0.285869, 0.279258, 0.272965, 0.266968,0.266968, 0.258218, 0.250057, 0.242425, 0.23527, 0.228548, 0.22222, 0.216251, 0.21061, 0.20527, 0.200208, 0.195401, 0.19083, 0.186478, 0.182328, 0.178368, 0.174583, 0.170962, 0.167495, 0.164171, 0.160981, 0.157919, 0.154975, 0.152143, 0.149416, 0.146789, 0.144256, 0.141813, 0.139453, 0.137174, 0.13497, 0.132839, 0.130776, 0.128778, 0.126843, 0.124966, 0.123146, 0.12138, 0.119665, 0.118, 0.116086, 0.114235, 0.112444, 0.11071, 0.10903, 0.107401, 0.105822,0.105822, 0.10418, 0.10259, 0.101049, 0.0995548, 0.0981051, 0.0966981, 0.0953319, 0.0940048, 0.0927149, 0.0914609, 0.0902411, 0.0890541, 0.0878988, 0.0867736, 0.0856776, 0.0846095, 0.0835684, 0.0825531, 0.0815627, 0.0805962, 0.0796529, 0.0787319, 0.0778324, 0.0769536, 0.0760949, 0.0752554, 0.0744347, 0.073632, 0.0728468, 0.0720785, 0.0713265, 0.0705904, 0.0698695, 0.0691635, 0.0684719, 0.0677943, 0.0671301, 0.0664791, 0.0658408, 0.0652149, 0.064601, 0.0639987, 0.0634077, 0.0628277, 0.0622584]
