SetDesc: HERAPDF
Authors: ...
Reference: ...
Format: lhagrid1
DataVersion: 1
NumMembers: 1
Flavors: [-6, -5, -4, -3, -2, -1, 1, 2, 3, 4, 5, 6, 21]
OrderQCD: 0
FlavorScheme: fixed
ErrorType: hessian
XMin: 9.9e-07
XMax: 1
QMin: 1
QMax: 14317.8
MZ: 91.1876
MUp: 0
MDown: 0
MStrange: 0
MCharm: 1.43
MBottom: 4.5
MTop: 173
AlphaS_MZ: 0.118
AlphaS_OrderQCD: 0
AlphaS_Type: ipol
AlphaS_Qs: [1, 1.12662, 1.26928, 1.43,1.43, 1.52976, 1.63648, 1.75064, 1.87277, 2.00341, 2.14317, 2.29268, 2.45262, 2.62372, 2.80676, 3.00256, 3.21202, 3.43609, 3.6758, 3.93223, 4.20655, 4.5,4.5, 4.97591, 5.50216, 6.08406, 6.72751, 7.439, 8.22574, 9.09569, 10.0576, 11.1213, 12.2975, 13.5981, 15.0362, 16.6264, 18.3848, 19.0085, 19.6533, 20.3201, 21.0095, 21.7222, 22.4591, 23.2211, 24.0088, 24.8233, 25.6655, 26.5362, 27.4364, 28.3672, 29.3296, 30.3246, 31.3534, 32.417, 33.5168, 34.6539, 35.8295, 37.045, 38.3018, 39.6012, 40.9446, 42.3337, 43.7699, 45.2548, 46.7901, 48.3774, 50.0186, 51.7155, 53.47, 55.284, 57.1595, 59.0986, 61.1035, 63.1765, 65.3198, 67.5358, 69.8269, 72.1958, 74.6451, 77.1774, 79.7957, 82.5028, 85.3017, 88.1955, 91.1876, 103.647, 117.809, 133.907, 152.203, 173,173, 197.771, 226.088, 258.461, 295.468, 337.774, 386.138, 441.427, 504.632, 576.887, 659.488, 753.916, 861.865, 985.27, 1126.34, 1287.62, 1471.99, 1682.75, 1923.69, 2199.13, 2514.01, 2873.98, 3285.49, 3755.92, 4293.7, 4908.49, 5611.31, 6414.76, 7333.25, 8383.25, 9583.6, 10955.8, 12524.5, 14317.8]
AlphaS_Vals: [0.497374, 0.45845, 0.425173, 0.396402,0.396391, 0.381781, 0.368204, 0.35556, 0.343754, 0.332708, 0.322349, 0.312616, 0.303453, 0.294812, 0.286649, 0.278926, 0.271608, 0.264665, 0.258067, 0.251791, 0.245813, 0.240112,0.240111, 0.232087, 0.224581, 0.217546, 0.210938, 0.204719, 0.198857, 0.193321, 0.188085, 0.183125, 0.17842, 0.173951, 0.1697, 0.165652, 0.161793, 0.160551, 0.159329, 0.158125, 0.156939, 0.155771, 0.15462, 0.153486, 0.152368, 0.151267, 0.150181, 0.149111, 0.148056, 0.147016, 0.14599, 0.144979, 0.143981, 0.142997, 0.142027, 0.141069, 0.140125, 0.139192, 0.138273, 0.137365, 0.136469, 0.135585, 0.134712, 0.13385, 0.133, 0.13216, 0.13133, 0.130511, 0.129702, 0.128903, 0.128114, 0.127335, 0.126564, 0.125803, 0.125052, 0.124309, 0.123575, 0.122849, 0.122132, 0.121424, 0.120723, 0.120031, 0.119346, 0.118669, 0.118, 0.1155, 0.113103, 0.110804, 0.108597, 0.106475,0.106475, 0.104346, 0.1023, 0.100332, 0.0984392, 0.0966161, 0.0948594, 0.0931654, 0.0915309, 0.0899527, 0.088428, 0.0869542, 0.0855286, 0.0841491, 0.0828133, 0.0815193, 0.0802652, 0.079049, 0.0778691, 0.0767239, 0.075612, 0.0745317, 0.073482, 0.0724614, 0.0714687, 0.0705029, 0.0695628, 0.0686475, 0.0677559, 0.0668873, 0.0660406, 0.065215, 0.0644099, 0.0636244]
