SetDesc: HERAPDF
Authors: ...
Reference: ...
Format: lhagrid1
DataVersion: 1
NumMembers: 1
Flavors: [-6, -5, -4, -3, -2, -1, 1, 2, 3, 4, 5, 6, 21]
OrderQCD: 0
FlavorScheme: fixed
ErrorType: hessian
XMin: 9.9e-07
XMax: 1
QMin: 1
QMax: 14317.8
MZ: 91.1876
MUp: 0
MDown: 0
MStrange: 0
MCharm: 1.43
MBottom: 4.5
MTop: 173
AlphaS_MZ: 0.118
AlphaS_OrderQCD: 0
AlphaS_Type: ipol
AlphaS_Qs: [1, 1.12662, 1.26928, 1.43,1.43, 1.51223, 1.59919, 1.69115, 1.7884, 1.89124, 2, 2.05672, 2.11504, 2.17502, 2.2367, 2.30012, 2.36535, 2.43243, 2.5014, 2.57234, 2.64528, 2.7203, 2.79744, 2.87677, 2.95835, 3.04224, 3.12851, 3.21723, 3.30846, 3.40228, 3.49876, 3.59798, 3.70001, 3.80493, 3.91283, 4.02379, 4.1379, 4.25524, 4.37591, 4.5,4.5, 4.90397, 5.3442, 5.82395, 6.34676, 6.91651, 7.53741, 8.21405, 8.95142, 9.755, 10.6307, 11.585, 12.625, 13.7584, 14.9935, 16.3394, 17.8062, 19.4047, 21.1467, 23.045, 25.1137, 27.3682, 29.8251, 32.5025, 35.4202, 38.5999, 42.065, 45.8412, 49.9564, 54.441, 59.3282, 64.6541, 70.4581, 76.7831, 83.676, 91.1876, 101.458, 112.886, 125.6, 139.747, 155.487, 173,173, 193.741, 216.968, 242.981, 272.111, 304.735, 341.269, 382.184, 428.003, 479.317, 536.782, 601.136, 673.206, 753.916, 844.303, 945.526, 1058.88, 1185.83, 1328, 1487.22, 1665.52, 1865.19, 2088.81, 2339.24, 2619.69, 2933.76, 3285.49, 3679.38, 4120.5, 4614.51, 5167.74, 5787.3, 6481.13, 7258.15, 8128.33, 9102.83, 10194.2, 11416.3, 12785, 14317.8]
AlphaS_Vals: [0.497374, 0.45845, 0.425173, 0.396402,0.396391, 0.384201, 0.372734, 0.361931, 0.351737, 0.342101, 0.332978, 0.328596, 0.324328, 0.320169, 0.316115, 0.312163, 0.308308, 0.304547, 0.300877, 0.297295, 0.293796, 0.290379, 0.287041, 0.283778, 0.280589, 0.277471, 0.274421, 0.271437, 0.268518, 0.265661, 0.262864, 0.260125, 0.257443, 0.254815, 0.252241, 0.249718, 0.247245, 0.24482, 0.242443, 0.240112,0.240111, 0.233216, 0.226705, 0.220549, 0.214717, 0.209187, 0.203933, 0.198938, 0.194181, 0.189646, 0.185319, 0.181184, 0.17723, 0.173445, 0.169818, 0.166339, 0.163001, 0.159793, 0.15671, 0.153743, 0.150886, 0.148134, 0.14548, 0.14292, 0.140448, 0.138061, 0.135753, 0.133521, 0.131361, 0.12927, 0.127245, 0.125282, 0.123378, 0.121532, 0.11974, 0.118, 0.115909, 0.113891, 0.111942, 0.110058, 0.108237, 0.106475,0.106475, 0.104668, 0.102921, 0.101231, 0.0995956, 0.0980124, 0.0964787, 0.0949923, 0.093551, 0.0921527, 0.0907957, 0.089478, 0.088198, 0.0869542, 0.0857449, 0.0845688, 0.0834245, 0.0823108, 0.0812264, 0.0801703, 0.0791412, 0.0781382, 0.0771604, 0.0762067, 0.0752763, 0.0743683, 0.073482, 0.0726165, 0.0717712, 0.0709454, 0.0701383, 0.0693494, 0.0685781, 0.0678237, 0.0670857, 0.0663637, 0.065657, 0.0649652, 0.0642878, 0.0636244]
